100
77
0 143 225 79 13 44 70 186 213 131 216 215 148 175 198 192 246 6 245 253 125 197 82 197 169 26 30 217 133 209 79 64 217 48 140 233 234 24 125 64 222 240 77 95 10 134 229 183 245 97 54 206 250 233 252 181 57 30 233 238 64 101 187 112 110 153 191 123 1 69 160 73 23 143 172 105 0
47
0 109 213 29 171 24 133 253 100 5 242 138 239 28 46 127 236 39 20 16 193 10 151 134 240 168 66 27 207 1 160 41 215 79 96 118 31 239 47 137 139 244 29 169 79 68 0
15
0 137 222 136 152 57 247 40 241 147 188 215 193 212 0
61
0 130 22 214 212 151 160 242 245 27 140 90 165 28 253 86 221 166 25 184 14 168 47 125 163 154 23 133 213 94 250 15 219 9 251 150 205 26 196 155 30 229 209 179 119 212 134 110 218 119 90 111 91 88 80 54 134 212 167 48 0
44
0 86 59 175 173 167 59 153 61 56 18 185 177 172 20 234 194 48 43 107 55 143 64 8 8 100 33 10 155 37 194 40 4 67 111 14 231 44 240 130 91 76 40 0
55
0 28 8 151 93 245 233 49 153 200 42 138 88 120 31 215 192 90 10 114 219 49 40 155 75 124 253 233 11 249 81 127 30 131 63 87 159 25 161 69 148 196 227 1 119 49 38 96 74 64 190 85 228 184 0
89
0 135 239 14 67 94 234 159 200 45 151 109 244 207 242 254 85 74 9 113 2 72 193 20 105 60 13 148 13 138 157 214 182 182 198 195 61 229 244 231 230 232 134 164 27 13 255 174 21 108 168 29 234 252 30 223 122 166 113 110 92 215 243 204 66 149 251 99 230 185 128 37 246 72 158 96 37 235 191 23 254 119 110 88 232 16 126 238 0
5
0 243 176 254 0
2
0 0
11
0 126 175 118 238 117 164 219 41 15 0
24
0 7 72 159 168 112 174 186 247 119 98 20 104 44 96 169 51 187 54 219 16 210 232 0
83
0 118 4 156 113 198 114 87 43 183 205 9 129 254 251 192 119 22 158 37 210 252 12 146 57 119 36 30 45 211 242 132 17 77 233 123 99 106 30 50 145 63 211 211 225 68 85 193 45 162 10 204 94 42 128 46 227 218 25 32 144 226 229 2 199 25 84 154 14 162 15 175 146 31 218 94 175 221 200 211 189 239 0
76
0 202 33 155 233 244 252 145 51 208 115 135 222 174 251 81 173 176 224 80 22 71 182 48 134 74 25 26 211 30 229 90 105 133 183 11 14 129 60 222 155 142 206 65 79 194 124 6 254 204 149 182 188 170 163 241 69 229 179 220 209 160 177 121 208 48 173 248 89 30 192 90 17 93 113 0
56
0 185 69 127 50 127 73 10 78 176 194 66 239 122 53 236 125 239 55 50 144 148 217 122 159 91 221 82 102 49 13 145 234 193 57 110 73 117 251 93 224 88 230 31 87 223 46 181 243 92 228 112 54 36 189 0
75
0 43 141 250 234 244 1 153 148 34 121 7 254 4 70 172 76 219 187 88 15 218 54 58 107 59 178 97 162 72 243 216 183 47 79 110 119 129 179 205 30 203 245 39 133 112 212 193 206 229 161 253 25 207 40 253 7 249 177 224 159 25 250 186 13 94 37 202 221 82 181 40 87 21 0
12
0 12 137 63 23 56 241 185 239 93 145 0
56
0 114 88 139 102 43 30 148 218 102 151 188 126 60 85 63 241 240 246 130 197 178 75 152 82 239 209 245 55 73 210 135 1 80 163 170 108 46 165 247 82 144 156 93 158 41 99 124 243 89 192 194 138 176 11 0
38
0 138 68 135 168 188 244 17 98 160 32 56 186 25 125 97 188 193 65 125 156 146 233 240 253 238 178 227 40 118 207 169 244 213 87 63 3 0
75
0 243 212 201 118 76 50 218 56 63 93 200 22 28 75 246 160 32 124 178 186 151 119 253 202 91 166 122 127 94 185 7 146 109 228 197 135 115 111 98 67 232 217 168 91 96 133 183 127 152 33 88 240 196 112 84 254 67 209 228 188 93 200 214 155 68 73 42 113 209 210 143 128 115 0
57
0 130 99 219 106 50 136 10 242 254 170 160 3 206 6 102 176 26 121 62 189 24 137 252 196 51 70 232 201 111 109 204 58 76 184 40 140 66 45 16 148 201 123 2 68 176 208 40 43 60 105 38 30 137 253 223 0
59
0 110 173 103 10 12 101 128 104 62 202 30 162 3 176 113 21 247 179 57 10 39 28 63 117 70 84 15 150 227 90 82 95 221 63 80 148 217 132 179 126 136 94 145 151 206 29 158 11 40 221 87 19 214 111 196 56 217 0
66
0 164 41 241 220 124 125 91 38 103 250 98 209 73 7 70 58 72 228 123 118 112 234 217 123 185 100 169 103 134 255 90 60 85 164 240 240 41 106 62 249 211 222 49 159 91 55 177 20 48 26 213 54 42 163 50 3 204 236 215 59 148 224 55 114 0
70
0 83 44 199 227 127 60 226 13 182 253 59 229 191 155 193 219 183 90 251 183 120 5 33 28 105 54 130 20 102 139 113 244 238 214 48 91 240 148 239 253 203 29 199 187 207 27 165 57 62 58 137 49 30 18 52 145 129 192 59 78 186 233 193 250 209 40 170 254 0
4
0 109 188 0
47
0 127 40 111 175 101 131 93 133 126 141 243 150 14 142 11 3 49 106 16 1 16 115 18 59 105 186 191 225 150 121 76 196 206 234 193 14 212 153 175 141 46 214 30 213 41 0
92
0 228 251 102 37 223 237 78 46 76 47 233 40 151 216 190 224 39 174 18 147 93 68 146 8 187 30 188 187 106 6 138 198 170 192 227 49 130 173 250 148 224 230 61 224 205 221 223 94 187 141 255 22 213 214 64 17 101 192 93 2 180 231 165 83 117 153 101 167 208 188 100 111 83 227 58 80 141 173 216 169 248 187 238 227 215 143 241 133 7 180 0
40
0 204 136 171 161 187 69 93 253 71 231 204 9 228 13 47 18 47 221 165 125 25 49 59 89 203 147 237 189 247 90 35 204 24 147 232 240 245 3 0
22
0 189 127 178 85 71 208 104 176 5 42 67 235 85 131 50 157 158 51 96 213 0
52
0 50 172 153 24 116 97 229 44 198 189 163 148 193 173 102 67 85 253 203 83 182 139 197 145 106 170 46 5 118 161 131 244 228 72 195 86 2 76 20 45 3 39 214 113 5 238 178 17 177 54 0
21
0 114 49 234 64 73 87 196 90 253 156 240 183 228 162 38 98 122 178 182 0
84
0 104 21 88 36 166 153 106 229 36 87 21 253 123 58 82 12 245 134 1 85 164 67 127 43 206 15 216 129 240 190 130 108 135 193 198 217 138 50 121 49 239 58 73 13 223 84 254 158 41 199 92 7 132 196 192 60 159 85 190 243 109 101 194 88 68 42 136 65 91 49 162 30 221 106 122 151 90 186 90 146 138 160 0
67
0 46 151 172 79 226 193 219 108 11 253 231 183 187 129 21 210 234 97 51 157 155 110 224 215 3 34 132 6 71 15 180 41 205 139 93 16 218 103 57 93 138 95 199 254 41 165 109 181 52 80 220 152 81 167 157 228 3 93 250 60 193 118 106 122 209 0
27
0 2 157 27 21 102 226 232 140 63 16 161 56 9 26 17 234 231 193 47 189 241 136 235 208 56 0
38
0 205 2 200 164 247 150 179 234 127 105 54 77 192 147 2 236 211 180 173 2 21 224 108 11 59 252 28 93 76 213 7 202 92 114 163 129 0
99
0 91 236 42 190 43 6 98 138 164 51 28 153 172 85 7 184 247 111 49 166 248 23 59 198 137 246 252 37 63 251 89 242 157 49 244 149 145 179 4 151 103 169 220 192 30 174 21 229 105 175 4 24 237 179 12 40 67 192 217 134 19 162 189 10 43 252 176 58 203 212 35 71 139 101 159 1 14 230 110 185 134 175 229 65 115 228 210 192 65 220 72 166 132 30 172 91 80 0
93
0 51 13 208 36 234 128 156 79 184 68 98 170 226 150 150 3 156 170 97 92 253 252 157 99 8 207 15 210 235 26 219 44 173 134 102 59 50 106 17 53 90 33 252 105 84 96 1 218 77 201 251 90 247 58 129 39 202 23 81 96 167 2 98 38 205 103 107 134 38 98 160 5 200 160 23 222 113 16 167 210 199 73 95 193 238 230 150 15 133 54 132 0
30
0 81 248 189 106 41 44 97 119 60 56 209 73 208 55 215 206 182 116 140 250 15 160 39 111 231 209 183 183 0
5
0 176 55 217 0
75
0 248 210 220 222 185 56 247 93 162 210 229 125 14 50 18 167 60 182 38 26 223 90 200 13 198 230 77 218 50 70 69 127 57 143 35 127 79 89 33 85 250 131 20 17 122 253 212 82 65 79 118 220 193 149 152 56 104 122 163 69 45 27 17 143 149 49 76 52 184 238 48 130 48 0
82
0 156 55 197 83 28 11 11 7 39 142 251 117 26 197 68 148 155 179 189 32 182 31 54 196 195 36 184 113 183 192 5 59 91 126 40 32 142 108 157 182 155 49 205 62 83 159 46 209 180 69 200 129 134 190 122 232 120 28 190 110 21 156 133 182 239 14 9 8 112 145 124 67 169 83 210 202 167 139 215 59 0
96
0 165 92 32 204 183 29 209 74 112 214 151 37 186 190 179 195 152 132 125 239 154 245 192 38 28 17 179 171 188 168 125 241 32 79 211 54 171 161 136 181 43 213 6 57 140 182 115 67 152 39 24 162 100 169 206 178 140 75 184 56 157 212 84 76 247 34 221 119 117 246 112 195 104 206 202 73 60 167 154 88 192 236 53 79 139 81 67 199 10 141 109 193 224 184 0
27
0 45 254 32 169 41 66 99 7 49 6 189 183 105 215 116 4 40 183 134 201 238 168 201 6 3 0
15
0 3 36 234 207 109 126 50 106 190 194 243 243 171 0
92
0 221 129 125 103 127 197 100 209 15 7 212 135 241 204 90 55 176 143 1 18 87 214 163 43 133 233 59 17 242 190 124 16 119 38 243 136 52 110 24 193 221 89 173 44 196 70 62 140 155 130 90 195 193 85 188 197 60 255 128 83 84 6 16 89 103 108 132 106 41 41 196 189 84 235 214 35 146 149 105 250 23 40 236 187 82 170 30 215 240 145 0
27
0 214 66 122 24 71 253 165 189 195 109 114 169 171 221 70 74 93 76 180 149 145 74 110 119 103 0
18
0 133 206 235 160 196 96 117 4 122 231 1 220 220 77 190 50 0
32
0 202 134 144 46 181 105 233 140 136 160 190 10 160 65 72 112 78 190 197 16 133 204 99 174 216 150 168 3 44 66 0
75
0 2 230 170 99 227 58 211 239 188 153 24 44 189 82 63 136 163 170 175 182 150 9 185 82 231 243 130 238 80 21 126 158 251 178 104 177 143 107 184 53 144 126 47 130 226 62 126 7 15 218 120 64 184 12 18 203 63 219 110 85 237 43 181 35 1 78 217 241 1 145 166 228 68 0
33
0 64 58 43 186 39 177 170 86 23 130 237 221 160 251 114 242 49 8 216 242 67 11 159 252 242 180 157 42 177 193 128 0
85
0 240 218 169 197 156 24 5 236 8 13 217 152 93 159 131 198 21 98 11 127 235 125 217 34 210 222 156 164 211 174 23 11 143 206 25 97 230 133 17 224 178 58 162 4 230 174 150 178 85 218 224 225 101 60 23 116 87 41 121 104 130 111 4 230 183 103 95 26 91 78 52 60 33 205 137 179 65 58 13 204 231 51 191 0
86
0 30 23 79 119 239 215 171 15 139 173 170 104 53 47 89 222 132 107 147 106 235 206 186 105 202 150 234 14 118 225 248 196 75 160 120 54 174 187 158 231 45 62 84 218 37 115 218 12 84 73 165 18 113 165 106 180 121 184 110 182 169 191 244 211 49 38 58 56 153 107 228 186 115 162 234 96 89 17 248 189 132 221 251 43 0
29
0 118 40 207 84 224 239 251 163 239 152 115 173 221 214 187 64 192 176 191 207 209 254 183 245 130 142 95 0
30
0 254 84 88 231 189 117 197 45 125 4 235 198 20 230 2 2 95 92 44 138 147 134 233 242 56 254 73 91 0
17
0 4 125 52 242 231 126 173 47 156 205 157 73 211 149 183 0
70
0 236 190 222 85 15 222 203 183 57 95 234 253 183 105 68 213 83 212 102 71 244 156 253 206 194 239 59 186 190 118 158 221 228 245 172 115 29 4 24 56 28 62 120 137 18 226 36 164 80 161 242 225 147 229 186 78 70 224 26 156 57 29 167 52 156 120 21 170 0
55
0 230 208 212 122 155 173 72 20 195 211 245 46 50 142 92 190 24 251 168 77 35 126 251 232 20 200 244 29 70 210 157 90 94 123 188 76 193 195 173 28 93 102 197 68 180 120 141 162 22 250 255 160 106 0
89
0 68 3 7 195 121 144 128 178 82 9 140 211 139 47 179 56 120 94 147 89 54 24 73 161 105 46 187 71 184 191 57 26 170 237 50 99 222 103 152 230 42 46 208 27 133 155 234 41 58 168 95 233 90 158 81 28 11 224 250 57 214 56 193 238 205 25 2 4 240 190 196 139 19 112 4 172 19 88 90 234 24 88 156 193 67 198 254 0
78
0 16 212 50 163 150 58 4 188 153 36 1 82 89 7 170 115 252 178 239 207 126 54 171 226 209 159 15 210 76 62 41 34 41 20 194 198 78 113 52 122 112 51 252 79 8 236 82 47 143 133 5 200 238 1 191 164 2 2 169 122 166 118 87 164 239 29 235 128 134 26 83 238 138 148 115 144 0
90
0 121 86 94 28 208 87 45 165 185 112 76 166 15 27 232 38 235 18 252 250 187 226 193 86 85 19 45 154 155 51 194 175 125 84 48 208 194 208 115 121 9 147 22 226 102 144 186 79 174 119 205 49 16 41 61 4 194 248 82 180 193 75 111 66 54 156 55 51 1 175 202 147 248 50 55 4 239 195 225 159 34 7 151 94 223 36 93 218 0
35
0 183 118 114 1 48 250 230 53 34 107 204 21 60 35 105 233 19 254 198 94 60 199 29 11 178 223 8 35 249 116 75 103 214 0
96
0 83 114 34 230 15 128 172 123 34 25 188 139 254 200 117 41 216 237 221 168 32 209 51 158 130 211 164 45 71 19 140 205 100 50 217 88 62 3 70 82 234 170 182 187 90 132 17 125 160 93 175 64 99 7 146 228 65 250 78 64 222 203 227 133 37 117 108 214 55 40 237 225 128 20 93 231 73 196 88 168 61 50 224 162 74 46 253 201 112 255 230 102 23 45 0
10
0 252 167 238 119 77 100 201 132 0
20
0 147 186 82 214 86 225 246 85 206 53 22 100 115 191 216 146 198 55 0
100
0 134 15 24 52 188 249 107 134 81 137 82 3 155 35 211 152 49 7 25 149 133 248 44 235 250 129 114 10 31 150 171 212 45 85 2 251 105 198 174 187 159 171 38 227 112 175 73 205 17 90 2 213 50 167 223 195 92 38 191 142 146 42 53 196 60 134 148 1 129 59 146 184 227 62 70 215 166 173 239 163 220 130 71 147 31 16 84 203 231 115 170 71 62 77 193 200 220 41 0
49
0 11 87 41 101 200 181 145 56 180 240 57 241 152 77 225 156 103 246 251 73 67 129 99 198 9 203 43 224 93 178 203 121 177 72 110 135 68 222 124 46 164 11 14 124 235 203 72 0
97
0 101 170 71 249 7 246 163 124 240 168 92 153 150 76 93 205 68 57 151 76 60 219 73 106 153 60 185 176 221 252 110 241 27 2 165 22 88 162 165 145 240 172 64 115 120 216 205 182 226 80 195 20 100 157 227 229 249 42 15 206 29 148 175 169 212 128 170 6 227 79 233 237 159 8 139 195 146 24 231 84 225 239 200 172 55 140 65 57 145 218 219 167 139 105 12 0
56
0 25 117 10 103 13 83 137 161 75 108 31 64 208 139 108 183 108 238 153 241 94 203 18 191 195 4 218 72 42 198 95 161 108 94 28 199 113 253 5 45 72 119 32 201 154 234 112 64 95 23 229 166 96 185 0
68
0 253 251 149 235 232 91 252 222 5 78 125 164 169 181 45 79 5 130 92 68 124 40 213 249 45 110 217 6 150 130 177 49 75 88 128 132 28 83 54 214 144 125 180 212 187 139 60 27 89 76 203 108 252 29 196 219 115 129 78 21 245 244 17 7 178 162 0
78
0 100 61 215 134 166 217 116 158 143 90 250 27 102 29 109 37 120 7 91 62 205 214 86 106 94 250 55 120 120 32 121 180 142 28 50 65 248 102 42 233 238 79 232 184 70 75 120 217 87 59 33 68 207 62 94 125 252 190 199 75 167 189 195 140 117 237 105 135 71 37 22 244 8 204 225 159 0
96
0 107 86 25 94 46 94 11 193 74 227 232 192 94 3 117 183 163 96 46 117 121 188 29 143 31 106 164 238 173 32 220 24 91 22 190 221 183 79 233 64 44 100 30 83 83 81 108 59 182 22 52 135 137 89 119 84 112 153 131 251 244 211 31 90 82 3 117 244 124 79 141 193 186 55 212 154 22 142 111 222 210 196 57 54 148 82 22 214 129 21 21 76 136 172 0
11
0 39 43 237 42 163 193 247 105 241 0
80
0 102 133 95 250 177 15 86 48 210 97 205 175 218 14 148 120 75 119 140 49 163 37 195 228 192 172 34 121 117 104 78 191 212 40 48 80 180 231 134 9 226 40 213 188 190 222 3 241 234 56 246 217 253 39 147 109 80 163 116 143 30 229 4 108 157 42 133 188 187 173 246 129 190 101 193 214 23 136 0
56
0 245 96 115 154 14 154 174 168 166 103 174 61 121 77 215 9 32 175 167 39 221 130 99 119 201 137 157 233 255 70 213 201 48 153 39 223 179 119 88 142 173 29 213 208 5 123 69 123 254 180 234 204 37 251 0
92
0 17 137 47 133 183 19 47 244 5 99 2 213 75 16 124 112 86 92 97 48 143 98 146 247 58 152 46 34 10 248 68 176 50 132 25 210 34 237 172 74 235 36 198 88 130 2 127 215 227 23 206 209 114 120 140 111 198 193 210 91 104 15 192 205 21 125 22 65 91 226 73 123 149 201 84 255 144 126 145 33 120 204 185 242 228 111 68 16 89 163 0
22
0 190 212 14 141 47 118 97 146 223 204 98 58 201 184 168 24 234 107 85 131 0
98
0 128 63 127 91 212 128 149 154 71 25 156 7 62 106 34 36 118 170 6 154 65 240 148 159 42 133 128 160 180 39 174 190 160 138 28 13 13 2 174 217 148 64 46 64 123 133 62 28 205 7 159 4 97 76 199 100 153 77 59 237 193 169 254 117 254 234 241 45 192 183 172 148 217 82 67 189 112 8 11 174 53 66 60 95 102 224 84 141 139 12 184 249 221 38 59 215 0
83
0 192 224 50 104 97 113 196 89 187 18 83 113 135 139 213 18 99 147 236 11 116 196 244 153 33 233 167 205 51 136 193 40 216 150 70 207 134 190 5 95 109 135 213 229 93 63 119 100 31 168 112 192 22 230 99 232 184 68 42 150 180 58 210 253 242 24 250 109 134 139 70 220 121 108 207 48 201 11 36 242 114 0
50
0 255 39 73 64 106 234 126 250 223 128 29 211 77 128 135 154 44 245 232 157 188 66 227 195 123 207 78 99 24 181 144 246 10 190 120 204 115 91 147 133 114 90 231 84 57 156 204 139 0
19
0 48 229 95 26 161 187 104 3 195 80 180 130 130 6 35 162 218 0
65
0 238 17 117 202 94 39 253 90 189 201 206 254 231 54 11 58 254 247 2 112 243 241 50 244 9 255 251 32 146 11 215 67 176 145 117 23 2 129 23 127 220 249 40 229 199 5 237 50 189 143 4 104 213 249 75 61 242 102 186 145 25 126 142 0
56
0 53 212 84 71 48 26 35 104 82 118 163 152 51 211 80 249 141 168 183 214 188 224 110 105 177 188 184 89 179 60 12 197 114 88 195 248 107 185 186 170 218 182 168 136 42 120 142 41 232 205 189 211 49 198 0
56
0 146 160 135 4 234 190 206 126 11 45 144 104 209 185 177 15 27 214 104 225 196 255 214 250 148 233 189 159 174 119 151 201 138 216 67 161 146 99 154 114 47 44 115 88 243 165 121 182 207 19 9 62 127 225 0
53
0 52 90 163 31 111 136 173 202 107 251 27 42 192 27 72 164 62 235 177 80 216 179 123 133 169 95 207 206 70 213 171 186 185 46 184 110 161 39 50 89 242 197 250 54 37 182 132 158 189 86 56 0
90
0 84 141 207 98 140 89 11 201 164 214 248 116 190 235 52 54 43 15 59 250 132 154 68 98 210 32 202 48 65 132 99 158 159 96 55 19 45 9 8 65 240 198 114 232 63 100 163 123 217 211 190 161 142 222 161 47 249 8 222 130 197 129 62 72 109 223 77 163 80 116 23 91 190 168 96 38 83 104 109 118 245 180 142 46 167 198 137 96 0
15
0 181 65 9 101 123 177 196 15 74 242 11 173 151 0
63
0 254 233 3 122 6 198 28 105 126 29 111 184 111 186 181 100 6 159 238 34 139 15 47 58 45 115 96 205 63 56 226 93 241 32 228 245 84 230 130 184 64 89 86 42 92 101 219 241 182 46 32 146 116 120 150 226 29 92 156 8 147 0
64
0 253 2 63 173 47 216 56 159 73 221 45 132 167 139 139 156 19 246 25 236 189 241 84 83 218 126 74 222 167 82 82 27 189 225 215 141 23 136 224 197 220 25 48 224 35 102 239 148 255 32 161 132 239 160 176 191 124 29 82 34 15 35 0
59
0 99 107 11 116 177 239 155 109 179 177 248 161 245 226 126 208 224 109 46 149 146 119 235 15 6 199 196 206 85 59 56 96 255 61 138 184 142 47 231 26 25 212 57 114 170 109 120 6 220 235 93 80 88 208 71 58 131 0
51
0 108 169 239 166 83 253 199 21 243 149 236 179 209 165 16 185 216 165 166 12 182 114 74 176 10 191 165 156 176 210 227 202 48 170 46 84 64 150 163 130 42 233 238 75 226 1 113 72 112 0
101
0 234 103 123 188 61 177 159 45 5 72 106 20 146 102 203 78 203 130 14 13 151 250 104 103 97 120 146 56 106 44 205 246 171 85 70 72 55 7 186 57 41 238 231 225 114 14 84 211 2 166 150 24 1 95 136 176 71 124 90 151 78 96 201 235 115 244 119 117 148 134 148 36 149 133 253 16 205 48 45 149 191 158 56 155 31 177 139 192 163 151 4 30 173 255 97 146 121 3 47 0
9
0 41 161 170 74 144 60 81 0
95
0 141 217 67 146 43 42 218 68 214 28 102 137 136 146 62 34 165 83 14 172 64 110 107 33 41 136 166 235 76 38 10 25 173 227 130 73 91 160 46 95 179 42 2 214 97 134 103 60 124 33 93 248 113 51 107 195 76 128 134 42 80 34 193 112 237 96 144 195 83 228 40 250 50 69 138 114 128 224 159 114 109 53 202 98 250 106 80 133 49 137 6 77 43 0
100
0 181 118 202 78 195 236 65 157 201 56 61 120 245 131 234 168 27 162 191 57 212 120 104 166 248 200 2 55 70 70 92 220 51 209 174 129 90 36 248 172 28 235 245 106 200 50 100 7 176 46 30 184 90 29 130 132 39 136 90 212 178 110 127 223 78 24 104 212 245 11 174 225 112 117 186 158 34 139 186 14 169 224 40 119 44 118 44 134 220 80 103 187 48 139 184 9 202 212 0
87
0 149 81 154 246 245 225 218 100 239 5 159 85 187 209 27 68 250 234 38 120 39 253 116 81 247 127 19 98 101 80 219 248 52 57 117 254 186 20 31 207 82 219 233 252 66 201 66 184 88 30 180 15 47 47 145 219 38 231 171 249 110 220 201 240 50 194 121 14 151 53 226 161 207 67 234 236 143 149 97 253 72 137 73 194 81 0
98
0 66 76 139 32 237 73 182 110 215 167 78 199 147 57 60 61 59 72 196 20 21 26 16 110 30 82 109 201 154 112 246 33 25 139 126 114 105 211 200 250 220 106 245 156 206 106 149 110 201 67 100 168 227 193 184 206 215 140 232 39 29 24 95 86 222 141 249 43 225 133 82 153 159 225 239 7 168 148 9 21 26 162 109 102 72 56 75 199 27 53 37 180 124 63 242 4 0
5
0 244 132 60 0
86
0 156 139 247 92 71 77 121 164 49 229 137 60 209 50 134 67 240 220 144 72 212 228 162 71 133 214 125 121 243 72 39 77 212 215 8 143 218 151 136 28 255 31 110 155 149 205 29 203 203 153 81 123 141 147 215 228 135 196 85 108 116 116 38 181 214 176 240 2 147 62 164 79 255 60 47 28 84 171 99 240 164 209 60 186 0
93
0 206 204 199 246 38 2 194 121 219 144 79 225 202 64 18 24 66 21 189 173 151 198 117 153 61 60 59 26 56 212 94 250 57 161 220 248 96 191 112 199 208 137 152 185 122 86 60 239 43 40 176 125 205 184 201 216 252 255 79 158 109 135 188 155 135 118 64 192 117 172 60 194 70 225 20 208 94 29 231 247 46 180 20 152 119 86 128 114 173 132 208 0
77
0 196 117 17 22 205 3 49 109 209 43 184 152 43 67 77 183 63 241 114 25 160 205 131 218 30 60 101 247 210 99 129 190 74 132 168 238 13 115 61 37 104 130 124 161 12 152 24 197 61 217 115 57 164 183 159 12 114 20 252 178 118 130 168 69 8 181 76 250 4 120 187 113 6 190 161 0
4
0 235 183 0
